Optimal Value:
28736
Number of Cities:
42
1 24748.3333 50840.0000
2 24758.8889 51211.9444
3 24827.2222 51394.7222
4 24904.4444 51175.0000
5 24996.1111 51548.8889
6 25010.0000 51039.4444
7 25030.8333 51275.2778
8 25067.7778 51077.5000
9 25100.0000 51516.6667
10 25103.3333 51521.6667
11 25121.9444 51218.3333
12 25150.8333 51537.7778
13 25158.3333 51163.6111
14 25162.2222 51220.8333
15 25167.7778 51606.9444
16 25168.8889 51086.3889
17 25173.8889 51269.4444
18 25210.8333 51394.1667
19 25211.3889 51619.1667
20 25214.1667 50807.2222
21 25214.4444 51378.8889
22 25223.3333 51451.6667
23 25224.1667 51174.4444
24 25233.3333 51333.3333
25 25234.1667 51203.0556
26 25235.5556 51330.0000
27 25235.5556 51495.5556
28 25242.7778 51428.8889
29 25243.0556 51452.5000
30 25252.5000 51559.1667
31 25253.8889 51535.2778
32 25253.8889 51549.7222
33 25256.9444 51398.8889
34 25263.6111 51516.3889
35 25265.8333 51545.2778
36 25266.6667 50969.1667
37 25266.6667 51483.3333
38 25270.5556 51532.7778
39 25270.8333 51505.8333
40 25270.8333 51523.0556
41 25275.8333 51533.6111
42 25277.2222 51547.7778